304319 .322114 .322 155307321116
132103325116 104319119 .307321 129322122 155321 109319119
322 .109319103 134322116 .134304321116 103322122
170303122 322 101305116 .122303132103132
322 .104319116 322122 .101155302319103
131322 .109170304319 322103 .155304319103 116322132
322129 .155302319103 .114306122 116319119
319 155308114 322 116302319103132 .131322 .132301116
322133 .131307321 .131322 .132314116
170314133 .109325132103 .322 101306116 .114304319 .129319 135322116
322133 .104319128 153308133104 .102304319 .109326122 103322116133
132170302319 319119 .319116 .322 .104135303116 103322155 .102122301133
304319 .122302319133 .131322 .104319134
319116 103322 .114304319 .146325116104133
322116104 .132303116132 .131322 .305102104 135303109103132
146303128103 .322116104 .109308155 116322132
102322103 .110155325116 132319119 .101325132103
107303122 .319103 .146322133 .131314132
322102 132109153321122104 .114304319 .110302319133
304319 .128304319116104 .114304319 .132304319103
319133 .122301 322 109170302319116 103319104
170319131 .131322 .132302319114
132303116 132302319 134322116
322129 .322 .109319103 134322116 .134304321116 103322122
170303122 .304319 .132301 .131322 .104319134
122303132 103319119 .322133 .102319 128306122
322116104 .146325 129319119 .102319116
132307321 .104319132103 122325109 103322104
304319 .116307321 103322132 .131322103
114304319 .146325116104133 .322122 .303114 101103301